482166,482229c482166,482167
< 02 90 00 00 00 0c 02 02 90 00 00 00 03 03 02 90 00 00 00 04 04 02 90 00 00 00 05 07 0b 68 01 00 07 00 01 01 ff ff ff fe 0b 68 01 00 3f 00 01 0b 68 01 00 40 00 01 0b 68 01 00 41 00 01 0b 68 01 
< 00 a6 00 01 0b 68 01 00 38 00 01 0b 68 01 00 4e 00 01 0b 68 01 00 64 00 01 0b 68 01 00 02 90 00 00 00 00 02 01 02 90 00 00 00 00 02 01 ff ff ff fe 0a 94 ff f4 02 03 0b 54 03 08 02 04 54 02 04 
< 02 08 54 0d 02 07 09 01 9f 02 90 00 00 00 00 0f 09 ff dc 02 90 05 09 00 47 01 ff ff ff fe 02 90 00 00 00 03 03 02 90 00 01 0b 54 02 02 90 00 00 00 00 05 09 00 2a 01 ff ff ff fe 02 90 00 00 00 
< 06 03 02 90 54 06 03 07 06 02 90 00 00 00 00 05 09 00 0d 0b ff ff ff ff 0b 54 01 05 05 0b 58 06 03 00 0e 01 ff ff ff fe 09 00 03 01 00 00 00 00 00 30 06 03 07 01 00 00 00 ff 0b 54 06 03 07 01 
< 00 00 00 ff 0b 54 06 03 07 01 00 00 00 ff 0b 54 06 03 07 01 00 00 00 ff 0b 54 06 03 07 01 00 00 00 ff 0b 54 06 03 07 01 00 00 00 00 30 54 06 03 07 01 00 00 00 00 30 54 06 03 07 01 00 00 00 00 
< 30 54 06 03 07 01 00 00 00 00 30 54 06 03 07 01 00 00 00 00 30 54 06 03 07 01 00 00 00 ff 0b 54 06 03 07 01 00 00 00 ff 0b 54 06 03 07 01 00 00 00 ff 0b 54 06 03 07 01 00 00 00 ff 0b 54 06 03 
< 07 01 00 00 00 ff 0b 54 06 03 07 01 00 00 00 00 30 54 06 03 07 01 00 00 00 00 30 54 06 03 07 01 00 00 00 00 30 54 06 03 07 01 00 00 00 00 30 54 06 03 07 01 00 00 00 00 30 54 06 03 07 01 00 00 
< 00 ff 0b 54 06 03 07 01 00 00 00 ff 0b 54 06 03 07 01 00 00 00 ff 0b 54 06 03 07 01 00 00 00 ff 0b 54 06 03 07 01 00 00 00 ff 0b 54 06 03 07 01 00 00 00 00 30 54 06 03 07 01 00 00 00 00 30 54 
< 06 03 07 01 00 00 00 00 30 54 06 03 07 01 00 00 00 00 30 54 06 03 07 01 00 00 00 00 30 54 06 03 07 01 00 00 00 02 90 00 00 00 00 02 01 02 90 00 00 00 00 02 01 ff ff ff fe 0a 94 ff f4 02 03 0b 
< 54 03 08 02 04 54 02 04 02 08 54 0d 02 07 09 01 9f 02 90 00 00 00 00 0f 09 ff dc 02 90 01 00 00 00 ff 0b 54 06 03 07 01 00 00 00 ff 0b 54 06 03 07 01 00 00 00 ff 0b 54 00 00 00 30 00 00 00 ff 
< 0b 54 06 03 07 01 00 00 00 ff 0b 54 06 03 07 01 00 00 00 ff 0b 54 06 03 07 01 00 00 00 ff 0b 54 06 03 07 01 00 00 00 ff 0b 54 06 03 07 01 00 00 00 ff 0b 54 06 03 07 01 00 00 00 ff 0b 54 06 03 
< 07 01 00 00 00 ff 0b 54 06 03 07 01 00 00 00 ff 0b 54 06 03 07 01 00 00 00 ff 0b 54 06 03 07 01 00 00 00 ff 0b 54 06 03 07 01 00 00 00 ff 0b 54 06 03 07 01 00 00 00 ff 0b 54 06 03 07 01 00 00 
< 00 ff 0b 54 06 03 07 01 00 00 00 ff 0b 54 06 03 07 01 00 00 00 ff 0b 54 06 03 07 01 00 00 00 ff 0b 54 06 03 07 01 00 00 00 ff 0b 54 06 03 07 01 00 00 00 ff 0b 54 06 03 07 01 00 00 00 ff 0b 54 
< 06 03 07 01 00 00 00 ff 0b 54 06 03 07 01 00 00 00 ff 0b 54 06 03 07 01 00 00 00 ff 0b 54 06 03 07 01 00 00 00 ff 0b 54 06 03 07 01 00 00 00 ff 0b 54 06 03 07 01 00 00 00 ff 0b 54 06 03 07 01 
< 00 00 00 ff 0b 54 06 03 07 01 00 00 00 ff 0b 54 06 03 07 01 00 00 00 ff 0b 54 06 03 07 01 00 00 00 ff 0b 54 06 03 07 01 00 00 00 ff 0b 54 06 03 07 01 00 00 00 ff 0b 54 06 03 07 01 00 00 00 ff 
< 0b 54 06 03 07 01 00 00 00 ff 0b 54 06 03 07 01 00 00 00 ff 0b 54 06 03 07 01 00 00 00 ff 0b 54 06 03 07 01 00 00 00 ff 0b 54 06 03 07 02 90 00 00 00 00 02 01 02 90 00 00 00 00 02 01 ff ff ff 
< fe 0a 94 ff f4 02 03 0b 54 03 08 02 04 54 02 04 02 08 54 0d 02 07 09 01 9f 02 90 00 00 00 00 0f 09 ff dc 02 90 54 06 03 07 01 00 00 00 ff 0b 54 06 03 07 01 00 00 00 ff 0b 54 06 03 07 01 00 00 
< 00 ff 0b 54 06 03 07 01 00 00 00 02 90 00 00 00 00 0a 01 ff ff ff ff 0a 94 ff f4 00 00 00 00 00 00 00 00 00 00 00 00 00 00 00 00 00 00 00 00 00 00 00 00 00 00 00 00 00 00 00 00 00 00 00 00 00 
< 00 00 00 00 00 00 00 00 00 00 00 00 00 00 00 00 00 00 00 00 00 00 00 00 00 00 00 00 00 00 00 00 00 00 00 00 00 00 00 00 00 00 00 00 00 00 00 00 00 00 00 00 00 00 00 00 00 00 00 00 00 00 00 00 
< 00 00 00 00 00 00 00 00 00 00 00 00 00 00 00 00 00 00 00 00 00 00 00 00 00 00 00 00 00 00 00 00 00 00 00 00 00 00 00 00 00 00 00 00 00 00 00 00 00 00 00 00 00 00 00 00 00 00 00 00 00 00 00 00 
< 00 00 00 00 00 00 00 00 00 00 00 00 00 00 00 00 00 00 00 00 00 00 00 00 00 00 00 00 00 00 00 00 00 00 00 00 00 00 00 00 00 00 00 00 00 00 00 00 00 00 00 00 00 00 00 00 00 00 00 00 00 00 00 00 
< 00 00 00 00 00 00 00 00 00 00 00 00 00 00 00 00 00 00 00 00 00 00 00 00 00 00 00 00 00 00 00 00 00 00 00 00 00 00 00 00 00 00 00 00 00 00 00 00 00 00 00 00 00 00 00 00 00 00 00 00 00 00 00 00 
< 00 00 00 00 00 00 00 00 00 00 00 00 00 00 00 00 00 00 00 02 90 00 00 00 00 0a 01 ff ff ff ff 0a 94 ff f4 0a 0b 0b 54 0b 0c 0a 04 54 0a 04 0a 08 54 06 0a 07 09 02 90 00 00 00 00 02 01 02 90 00 
< 00 00 00 02 01 ff ff ff fe 0a 94 ff f4 02 03 0b 54 03 08 02 04 07 09 01 9f 02 90 00 00 00 00 0f 09 ff dc 02 90 00 00 00 00 00 00 00 00 00 00 00 00 00 00 00 00 00 00 00 00 00 00 00 00 00 00 00 
< 00 00 00 00 00 00 00 00 00 00 00 00 00 00 00 00 00 00 00 00 00 00 00 00 00 00 00 00 00 00 00 00 00 00 00 00 00 00 00 00 00 00 00 00 00 00 00 00 00 00 00 00 00 00 00 00 00 00 00 00 00 00 00 00 
< 00 00 00 00 00 00 00 00 00 00 00 00 00 00 00 00 00 00 00 00 00 00 00 00 00 00 00 00 00 00 00 00 00 00 00 00 00 00 00 00 00 00 00 00 00 00 00 00 00 00 00 00 00 00 00 00 00 00 00 00 00 00 00 00 
< 00 00 00 00 00 00 00 00 00 00 00 00 00 00 00 00 00 00 00 00 00 00 00 00 00 00 00 00 00 00 00 00 00 00 00 00 00 00 00 00 00 00 00 00 00 00 00 00 00 00 00 00 00 00 00 00 00 00 00 00 00 00 00 00 
< 00 00 00 00 00 00 00 00 00 00 00 00 00 00 00 00 00 00 00 00 00 00 00 00 00 00 00 02 90 00 00 00 00 0a 01 ff ff ff ff 0a 94 ff f4 0a 0b 0b 54 0b 0c 0a 04 54 0a ff ff ff ff 06 0a 07 09 fe 97 02 
< 90 00 00 00 00 0f 09 ff dc 01 ff 00 00 00 00 00 00 00 00 00 00 00 00 00 00 00 00 00 00 00 00 00 00 00 00 00 00 00 00 00 00 00 00 00 00 00 00 00 00 00 00 00 00 00 00 00 00 00 00 00 00 00 00 00 
< 00 00 00 00 00 00 00 00 00 00 00 00 00 00 00 00 00 00 00 00 00 00 00 00 00 00 00 00 00 00 00 00 00 00 00 00 00 00 00 00 00 00 00 00 00 00 00 00 00 00 00 00 00 00 00 00 00 00 00 00 00 02 90 00 
< 00 00 00 02 01 ff ff ff fe 0a 94 ff f4 02 03 0b 54 03 08 02 04 54 02 04 02 08 54 0d 02 07 09 01 9f 02 90 00 00 00 00 0f 09 ff dc 02 90 00 00 00 00 00 00 00 00 00 00 00 00 00 00 00 00 00 00 00 
< 00 00 00 00 00 00 00 00 00 00 00 00 00 00 00 00 00 00 00 00 00 00 00 00 00 00 00 00 00 00 00 00 00 00 00 00 00 00 00 00 00 00 00 00 00 00 00 00 00 00 00 00 00 00 00 00 00 00 00 00 00 00 00 00 
< 0b 68 01 01 44 00 01 0b 68 01 01 14 00 01 0b 68 01 01 15 00 01 0b 68 01 01 5d 00 01 0b 68 01 01 7d 00 01 02 90 00 00 00 00 0a 01 ff ff ff ff 0a 94 ff f4 0a 0b 0b 54 0b 0c 0a 04 54 0a ff ff ff 
< ff 06 0a 07 09 fe 97 02 90 00 00 00 00 0f 09 ff dc 01 ff 10 0b 68 01 01 5f 00 15 0b 68 01 01 58 00 1a 0b 68 01 01 51 00 1f 0b 68 01 01 4a 00 24 0b 68 01 01 43 00 29 0b 68 01 01 3c 00 2e 0b 68 
< 01 01 35 00 33 0b 68 01 01 2e 00 38 0b 68 01 01 27 00 3d 0b 68 01 01 20 00 42 0b 68 01 01 19 00 47 0b 68 01 01 12 00 4c 0b 68 01 01 0b 00 51 0b 68 01 01 04 00 56 0b 68 01 00 fd 00 5b 0b 68 01 
< 00 f6 00 60 0b 68 01 00 ef 00 65 0b 68 01 00 e8 00 6a 0b 68 01 00 e1 00 6f 0b 68 01 00 da 00 74 02 90 00 00 00 30 0e 02 90 00 00 00 04 04 02 90 00 00 00 30 06 02 90 00 00 00 30 0d 02 90 00 00 
< 00 6c 08 02 90 00 00 01 4a 09 04 54 08 09 08 02 90 00 00 00 5c 0c 05 54 0c 08 0c 01 ff ff ff ff 0c 01 0e 01 ff ff ff ff 0c 00 15 01 ff ff ff fe 0c 00 3b 02 90 00 00 00 00 0f 09 00 5f 02 90 00 
< 00 00 00 02 01 02 90 00 00 00 00 02 01 ff ff ff fe 0a 94 ff f4 02 03 0b 54 03 08 02 04 54 02 04 02 08 54 0d 02 07 09 01 9f 02 90 00 00 00 00 0f 09 ff dc 02 90 ff ff 0a 94 ff f4 0a 0b 0b 54 0b 
< 0c 0a 04 54 0a 04 0a 08 54 06 0a 07 09 fe 97 02 90 00 00 00 00 0f 09 ff dc 01 ff ff ff ff 0c ff 9f 01 ff ff ff fe 0c ff c5 02 90 00 00 00 00 0f 09 ff e9 01 ff ff ff fe 01 ff ff ff fe 01 ff ff 
< ff fe 01 ff ff ff fe 01 ff ff ff fe 01 ff ff ff fe 01 ff ff ff fe 01 ff ff ff fe 01 ff ff ff fe 01 ff ff ff fe 01 ff ff ff fe 01 ff ff ff fe 01 ff ff ff fe 01 ff ff ff fe 01 ff ff ff fe 01 ff 
< ff ff fe 01 ff ff ff fe 01 ff ff ff fe 01 ff ff ff fe 01 ff ff ff fe 01 ff ff ff fe 01 ff ff ff fe 01 ff ff ff fe 01 ff ff ff fe 09 ff 88 01 ff ff ff fe 0c ff 80 02 90 00 00 00 00 0f 09 ff f1 
< 00 00 00 00 00 00 00 00 00 00 00 00 00 00 00 00 00 00 00 00 00 00 00 00 00 00 00 00 00 00 00 00 00 00 00 00 00 00 00 00 00 00 00 00 00 00 00 00 00 00 00 00 00 00 00 00 00 00 00 00 00 00 00 00 
< 00 00 00 00 00 00 00 00 00 00 00 00 00 00 00 00 00 00 00 00 00 00 00 00 00 00 00 00 00 00 00 00 00 00 00 00 00 00 00 00 00 00 00 00 00 00 00 00 00 00 00 00 00 00 00 00 00 00 00 00 00 00 00 00 
< 00 00 00 00 00 00 00 00 00 00 00 00 00 00 00 00 00 00 00 00 00 00 00 00 00 00 00 00 00 00 00 00 00 00 00 00 00 00 00 00 00 00 00 00 00 00 00 00 00 00 00 00 00 00 00 00 00 00 00 00 00 00 00 00 
< 00 00 00 00 00 02 90 00 00 00 00 02 01 02 90 00 00 00 00 02 01 ff ff ff fe 0a 94 ff f4 02 03 0b 54 03 08 02 04 54 02 04 02 08 54 0d 02 07 09 01 9f 02 90 00 00 00 00 0f 09 ff dc 02 90 00 00 00 
< 00 00 00 00 00 00 00 00 00 00 00 00 00 00 00 00 00 00 00 00 00 00 00 00 00 00 00 00 00 00 00 00 00 00 00 00 00 00 00 00 00 00 00 00 00 00 00 00 00 00 00 00 00 00 00 00 00 00 00 00 00 00 00 00 
< 00 00 00 00 00 00 00 00 00 00 00 00 00 00 00 00 00 00 00 00 00 00 00 00 00 00 00 00 00 00 00 00 00 00 00 00 00 00 00 00 00 00 00 00 00 00 00 00 00 00 00 00 00 00 00 00 00 00 00 00 00 00 00 00 
< 00 00 00 00 00 00 00 00 00 00 00 00 00 00 00 00 00 00 00 00 00 00 00 00 00 00 00 00 00 00 00 00 00 00 00 00 00 00 00 00 00 00 00 00 00 00 00 00 00 00 00 00 00 00 00 00 00 00 00 00 00 00 00 00 
< 00 00 00 00 00 00 00 00 00 00 00 00 00 00 00 00 00 00 00 00 00 00 00 00 00 00 00 00 00 00 00 00 00 00 00 00 00 00 00 00 00 00 00 00 00 00 00 00 00 00 00 00 00 00 00 00 00 00 00 00 00 00 00 00 
< 00 00 00 00 00 00 00 00 00 00 00 00 00 00 00 00 00 00 00 00 00 00 00 00 00 00 00 00 00 00 00 00 00 00 00 00 00 00 00 00 00 00 00 00 00 00 00 00 00 00 00 00 00 00 00 00 00 00 00 00 00 00 00 00 
< 00 00 00 00 00 00 00 00 00 00 00 00 00 00 00 00 00 00 00 00 00 00 00 00 00 00 00 00 00 00 00 00 00 00 00 00 00 00 00 00 00 00 00 00 00 00 00 00 00 00 00 00 00 00 00 00 00 00 00 00 00 00 00 00 
< 00 00 00 00 00 00 00 00 00 00 00 00 00 02 90 00 00 00 00 02 01 02 90 00 00 00 00 02 01 ff ff ff fe 0a 94 ff f4 02 03 0b 54 03 08 02 04 54 02 04 02 08 54 0d 02 07 09 01 9f 02 90 00 00 00 00 0f 
< 09 ff dc 02 90 00 00 00 00 00 00 00 00 00 00 00 00 00 00 00 00 00 00 00 00 00 00 00 00 00 00 00 00 00 00 00 00 00 00 00 00 00 00 00 00 00 00 00 00 00 00 00 00 00 00 00 00 00 00 00 00 00 00 00 
< 00 00 00 00 00 00 00 00 00 00 00 00 00 00 00 00 00 00 00 00 00 00 00 00 00 00 00 00 00 00 00 00 00 00 00 00 00 00 00 00 00 00 00 00 00 00 00 00 00 00 00 00 00 00 00 00 00 00 00 00 00 00 00 00 
< 00 00 00 00 00 00 00 00 00 00 00 00 00 00 00 00 00 00 00 00 00 00 00 00 00 00 00 00 00 00 00 00 00 00 00 00 00 00 00 00 00 00 00 00 00 00 00 00 00 00 00 00 00 00 00 00 00 00 00 00 00 00 00 00 
< 00 00 00 00 00 00 00 00 00 00 00 00 00 00 00 00 00 00 00 00 00 00 00 00 00 00 00 00 00 00 00 00 00 00 00 00 00 00 00 00 00 00 00 00 00 00 00 00 00 00 00 00 00 00 00 00 00 00 00 00 00 00 00 00 
< 00 00 00 00 00 00 00 00 00 00 00 00 00 00 00 00 00 00 00 00 00 00 00 00 00 00 00 00 00 00 00 00 00 00 00 00 00 00 00 00 00 00 00 00 00 00 00 00 00 00 00 00 00 00 00 00 00 00 00 00 00 00 00 00 
< 00 00 00 00 00 00 00 00 00 00 00 00 00 00 00 00 00 00 00 00 00 00 00 00 00 00 00 ff ff ff fe 00 00 00 00 00 00 00 00 00 00 00 00 00 00 00 00 00 00 00 00 00 00 00 00 00 00 00 00 00 00 00 00 00 
< 00 00 00 00 00 00 00 00 00 00 00 00 00 00 00 00 00 00 00 00 00 02 90 00 00 00 00 02 01 02 90 00 00 00 00 02 01 ff ff ff fe 0a 94 ff f4 02 03 0b 54 03 08 02 04 54 02 04 02 08 54 0d 02 07 09 01 
< 9f 02 90 00 00 00 00 0f 09 ff dc 02 90 00 00 00 00 00 00 00 00 00 00 00 00 00 00 00 00 00 00 00 00 00 00 00 00 00 00 00 00 00 00 00 00 00 00 00 00 00 00 00 00 00 00 00 00 00 00 00 00 00 00 00 
< 00 00 00 00 00 00 00 00 00 00 00 00 00 00 00 00 00 00 00 00 00 00 00 00 00 00 00 00 00 00 00 00 00 00 00 00 00 00 00 00 00 00 00 00 00 00 00 00 00 00 00 00 00 00 00 00 00 00 00 00 00 00 00 00 
< 00 00 00 00 00 00 00 00 00 00 00 00 00 00 00 00 00 00 00 00 00 00 00 00 00 00 00 00 00 00 00 00 00 00 00 00 00 00 00 00 00 00 00 00 00 00 00 00 00 00 00 00 00 00 00 00 00 00 00 00 00 00 00 00 
< 00 00 00 00 00 00 00 00 00 00 00 00 00 00 00 00 00 00 00 00 00 00 00 00 00 00 00 00 00 00 00 00 00 00 00 00 00 00 00 00 00 00 00 00 00 00 00 00 00 00 00 00 00 00 00 00 00 00 00 00 00 00 00 00 
< 00 00 00 00 00 00 00 00 00 00 00 00 00 00 00 00 00 00 00 00 00 00 00 00 00 00 00 00 00 00 00 00 00 00 00 00 00 00 00 00 00 00 00 00 00 00 00 00 00 00 00 00 00 00 00 00 00 00 00 00 00 00 00 00 
---
> It is now cycle 25903
> Contestant 2, "Sliders", has won !
